0.074
0.071
0.070
0.074
0.071
0.067
0.065
0.076
0.078
0.084
0.070
0.077
0.076
0.084
0.068
0.067
0.084
0.086
0.072
0.072
0.078
0.070
0.066
0.075
0.062
0.073
0.073
0.072
0.077
0.067
0.074
0.070
0.077
0.085
0.071
0.076
0.084
0.074
0.071
0.078
0.074
0.072
0.073
0.078
0.075
0.068
0.082
0.078
0.078
0.076
0.069
0.077
0.074
0.073
0.077
0.076
0.075
0.063
0.069
0.079
0.075
0.062
0.080
0.071
0.065
0.078
0.077
0.079
0.083
0.076
0.066
0.072
0.065
0.065
0.070
0.081
0.074
0.070
0.067
0.078
0.074
0.071
0.090
0.071
0.071
0.079
0.073
0.084
0.081
0.072
0.082
0.075
0.065
0.070
0.069
0.069
0.079
0.076
0.071
0.068
